预测结果
32.44900000000003
22.679000000000002
35.04299999999999
32.907000000000004
24.721000000000004
30.915000000000013
13.415
28.888000000000016
20.091999999999995
36.422999999999995
14.53
21.921000000000006
13.0
31.23300000000002
19.81200000000001
24.618000000000002
20.298
30.71600000000001
28.760999999999996
26.638
21.199000000000005
30.800000000000004
32.147
17.626
33.053
26.658
22.27
20.041
30.740999999999996
30.580000000000013
13.905999999999999
19.108
19.615999999999993
29.65500000000001
14.445
32.77199999999999
14.439
31.677000000000003
15.568000000000001
12.1
16.042
32.675
31.751999999999995
28.843000000000007
13.805
12.09
17.988999999999997
36.830999999999996
27.57600000000001
34.28
14.445
25.32
25.677000000000003
27.208000000000002
19.194000000000003
17.067
21.867999999999988
18.925
24.151999999999997
24.372
11.95
19.026000000000007
23.835000000000008
24.348000000000003
26.434000000000005
28.128
26.132000000000012
35.957
19.17599999999999
14.275
27.24300000000001
13.975
23.936000000000003
27.752999999999997
19.781999999999993
31.67299999999999
14.540999999999999
16.886000000000006
27.224
