预测结果
30.099537841227736
24.795910530154135
32.61182473547555
31.101164101204468
26.117713408560533
30.06581693973085
10.014442258239736
29.407904967632888
22.365027234034265
32.78236131452684
13.787675358225918
23.88989809500546
12.835253396453332
30.01012688524184
20.205978684210333
26.88954879939318
23.324725277422832
28.994386559739905
27.173995645984853
27.618586942124658
24.727982669470865
30.81982170854561
31.321245441765992
18.79493331293469
31.590751121827303
28.830780572233305
25.023847554271075
21.03259483927667
32.2294211207035
27.981986369938085
12.979391884881778
22.759601069574295
18.622457778789055
27.44939113190234
12.400310031948013
31.308145381458097
12.436857045960542
29.926413627414796
14.154054423711587
8.61511238052754
15.708874769669853
30.401826866067193
31.001091882500656
29.310126543962408
11.772946835578281
7.660422537279905
21.92326453149111
30.627102186733854
28.50850884261006
31.578558690855655
14.039307497210004
28.420654960754703
28.55383984692108
29.36551165585268
23.706686529712474
19.451985024730007
21.397190092732366
23.820645647768405
27.875961404003
28.76092106907386
5.992409480769538
23.359403083873957
24.738718177543742
25.235882496866306
27.13893383228106
29.290131506379954
26.38141637579741
31.590648486349544
20.570890689366827
10.592941500722965
28.503790361448686
13.269822920463374
25.12952785336076
30.019292893572608
21.814478062340285
29.854264834130188
14.82692417989447
18.191327633854904
29.669658891063428
